0 0 0.005 0.007 0.001
0 1 0.960 -0.095 0.000
0 2 -0.518 0.813 0.000
0 3 10.002 0.007 0.000
0 4 10.956 -0.095 0.000
0 5 9.478 0.812 0.001
0 6 20.002 0.007 -0.000
0 7 20.957 -0.095 0.000
0 8 19.479 0.812 0.000
0 9 30.003 0.008 -0.000
0 10 30.957 -0.095 -0.000
0 11 29.479 0.813 -0.001
0 12 40.003 0.008 -0.001
0 13 40.958 -0.095 -0.000
0 14 39.479 0.812 -0.001
100 0 0.029 0.046 0.000
100 1 0.769 -0.565 0.000
100 2 -0.711 0.658 0.001
100 3 10.025 0.046 0.001
100 4 10.766 -0.565 -0.000
100 5 9.285 0.657 0.001
100 6 20.026 0.046 -0.000
100 7 20.767 -0.565 -0.000
100 8 19.286 0.657 -0.000
100 9 30.026 0.047 -0.000
100 10 30.767 -0.564 -0.000
100 11 29.286 0.658 -0.001
100 12 40.027 0.047 -0.001
100 13 40.768 -0.564 -0.000
100 14 39.286 0.657 -0.001
200 0 0.029 0.046 0.000
200 1 0.769 -0.565 0.000
200 2 -0.711 0.658 0.001
200 3 10.025 0.046 0.001
200 4 10.766 -0.565 -0.000
200 5 9.285 0.657 0.001
200 6 20.026 0.046 -0.000
200 7 20.767 -0.565 -0.000
200 8 19.286 0.657 -0.000
200 9 30.026 0.047 -0.000
200 10 30.767 -0.564 -0.000
200 11 29.286 0.658 -0.001
200 12 40.027 0.047 -0.001
200 13 40.768 -0.564 -0.000
200 14 39.286 0.657 -0.001
300 0 0.029 0.046 0.000
300 1 0.769 -0.565 0.000
300 2 -0.711 0.658 0.001
300 3 10.025 0.046 0.001
300 4 10.766 -0.565 -0.000
300 5 9.285 0.657 0.001
300 6 20.026 0.046 -0.000
300 7 20.767 -0.565 -0.000
300 8 19.286 0.657 -0.000
300 9 30.026 0.047 -0.000
300 10 30.767 -0.564 -0.000
300 11 29.286 0.658 -0.001
300 12 40.027 0.047 -0.001
300 13 40.768 -0.564 -0.000
300 14 39.286 0.657 -0.001
400 0 0.029 0.046 0.000
400 1 0.769 -0.565 0.000
400 2 -0.711 0.658 0.001
400 3 10.025 0.046 0.001
400 4 10.766 -0.565 -0.000
400 5 9.285 0.657 0.001
400 6 20.026 0.046 -0.000
400 7 20.767 -0.565 -0.000
400 8 19.286 0.657 -0.000
400 9 30.026 0.047 -0.000
400 10 30.767 -0.564 -0.000
400 11 29.286 0.658 -0.001
400 12 40.027 0.047 -0.001
400 13 40.768 -0.564 -0.000
400 14 39.286 0.657 -0.001
500 0 0.029 0.046 0.000
500 1 0.769 -0.565 0.000
500 2 -0.711 0.658 0.001
500 3 10.025 0.046 0.001
500 4 10.766 -0.565 -0.000
500 5 9.285 0.657 0.001
500 6 20.026 0.046 -0.000
500 7 20.767 -0.565 -0.000
500 8 19.286 0.657 -0.000
500 9 30.026 0.047 -0.000
500 10 30.767 -0.564 -0.000
500 11 29.286 0.658 -0.001
500 12 40.027 0.047 -0.001
500 13 40.768 -0.564 -0.000
500 14 39.286 0.657 -0.001
600 0 0.029 0.046 0.000
600 1 0.769 -0.565 0.000
600 2 -0.711 0.658 0.001
600 3 10.025 0.046 0.001
600 4 10.766 -0.565 -0.000
600 5 9.285 0.657 0.001
600 6 20.026 0.046 -0.000
600 7 20.767 -0.565 -0.000
600 8 19.286 0.657 -0.000
600 9 30.026 0.047 -0.000
600 10 30.767 -0.564 -0.000
600 11 29.286 0.658 -0.001
600 12 40.027 0.047 -0.001
600 13 40.768 -0.564 -0.000
600 14 39.286 0.657 -0.001
700 0 0.029 0.046 0.000
700 1 0.769 -0.565 0.000
700 2 -0.711 0.658 0.001
700 3 10.025 0.046 0.001
700 4 10.766 -0.565 -0.000
700 5 9.285 0.657 0.001
700 6 20.026 0.046 -0.000
700 7 20.767 -0.565 -0.000
700 8 19.286 0.657 -0.000
700 9 30.026 0.047 -0.000
700 10 30.767 -0.564 -0.000
700 11 29.286 0.658 -0.001
700 12 40.027 0.047 -0.001
700 13 40.768 -0.564 -0.000
700 14 39.286 0.657 -0.001
800 0 0.029 0.046 0.000
800 1 0.769 -0.565 0.000
800 2 -0.711 0.658 0.001
800 3 10.025 0.046 0.001
800 4 10.766 -0.565 -0.000
800 5 9.285 0.657 0.001
800 6 20.026 0.046 -0.000
800 7 20.767 -0.565 -0.000
800 8 19.286 0.657 -0.000
800 9 30.026 0.047 -0.000
800 10 30.767 -0.564 -0.000
800 11 29.286 0.658 -0.001
800 12 40.027 0.047 -0.001
800 13 40.768 -0.564 -0.000
800 14 39.286 0.657 -0.001
900 0 0.029 0.046 0.000
900 1 0.769 -0.565 0.000
900 2 -0.711 0.658 0.001
900 3 10.025 0.046 0.001
900 4 10.766 -0.565 -0.000
900 5 9.285 0.657 0.001
900 6 20.026 0.046 -0.000
900 7 20.767 -0.565 -0.000
900 8 19.286 0.657 -0.000
900 9 30.026 0.047 -0.000
900 10 30.767 -0.564 -0.000
900 11 29.286 0.658 -0.001
900 12 40.027 0.047 -0.001
900 13 40.768 -0.564 -0.000
900 14 39.286 0.657 -0.001
